0 0.18906250000000008 0.6859375 0.13437500000000008 0.6859375 0.13437500000000008 0.7046875 0.18906250000000008 0.7046875
0 0.5140625 0.621875 0.4640625 0.621875 0.4640625 0.640625 0.5140625 0.640625
0 0.3953125 0.34062500000000007 0.3625 0.340625 0.3625 0.35468750000000004 0.3953125 0.3546875000000001
1 0.584375 0.4703125 0.3890625000000001 0.4703125 0.3890625000000001 0.6875 0.584375 0.6875
1 0.2687500000000001 0.53125 0.048437500000000064 0.53125 0.04843750000000008 0.7453125 0.2687500000000001 0.7453125
1 0.4421875 0.25312500000000004 0.3078125 0.253125 0.30781250000000004 0.37968750000000007 0.4421875 0.37968750000000007
0 0.6234375 0.24218750000000008 0.5828125 0.24218750000000008 0.5828125 0.2562500000000001 0.6234375 0.2562500000000001
1 0.86875 0.4656250000000002 0.728125 0.4656250000000002 0.728125 0.6500000000000001 0.86875 0.6500000000000001
1 0.546875 0.3500000000000001 0.40625 0.3500000000000001 0.40625 0.484375 0.546875 0.484375
1 0.65625 0.17656250000000007 0.54375 0.17656250000000004 0.54375 0.2812500000000001 0.65625 0.2812500000000001
1 0.20312500000000008 0.709375 8.687338231451536e-17 0.709375 9.424039821563617e-17 0.8296875 0.20312500000000008 0.8296875
1 0.30781250000000004 0.353125 0.12656250000000005 0.353125 0.12656250000000005 0.53125 0.3078125000000001 0.53125
1 0.70625 0.2968750000000001 0.59375 0.2968750000000001 0.59375 0.4421875 0.70625 0.4421875